2019-10-08 14:50:32.892   Log opened. (Time zone: UTC+13:00)
2019-10-08 14:50:32.895   Setup version: Inno Setup version 6.0.2 (u)
2019-10-08 14:50:32.897   Original Setup EXE: C:\Users\Jacob Copeland\Documents\GitHub\installer-capstone\Output\Enabler4Setup.exe
2019-10-08 14:50:32.899   Setup command line: /SL5="$602B0,40006066,721408,C:\Users\Jacob Copeland\Documents\GitHub\installer-capstone\Output\Enabler4Setup.exe" /SPAWNWND=$80540 /NOTIFYWND=$6204A4 /DEBUGWND=$47006F0 
2019-10-08 14:50:32.901   Windows version: 10.0.18362  (NT platform: Yes)
2019-10-08 14:50:32.903   64-bit Windows: Yes
2019-10-08 14:50:32.904   Processor architecture: x64
2019-10-08 14:50:32.906   User privileges: Administrative
2019-10-08 14:50:32.912   Administrative install mode: Yes
2019-10-08 14:50:32.914   Install mode root key: HKEY_LOCAL_MACHINE
2019-10-08 14:50:32.916   64-bit install mode: No
2019-10-08 14:50:32.921   Created temporary directory: C:\Users\JACOBC~1\AppData\Local\Temp\is-N6CMO.tmp
2019-10-08 14:50:32.948   -- DLL function import --
2019-10-08 14:50:32.951   Function name: ExitProcess
2019-10-08 14:50:32.954   DLL name: kernel32.dll
2019-10-08 14:50:32.957   Dest DLL name: kernel32.dll
2019-10-08 14:50:32.961   Importing the DLL function.
2019-10-08 14:50:32.964   Successfully imported the DLL function. Delay loaded? No
2019-10-08 14:50:32.980   Initialising variables.
2019-10-08 14:50:33.400   Running on Windows 10/Windows Server 2016, set OPERATING SYSTEM = 10
2019-10-08 14:50:33.407   Installing Enabler V4.6.3.6087 on Windows V10.00.18362 64bit (Version 10)
2019-10-08 14:50:33.459   Option = /SL5="$602B0,40006066,721408,C:\Users\Jacob Copeland\Documents\GitHub\installer-capstone\Output\Enabler4Setup.exe" /SPAWNWND=$80540 /NOTIFYWND=$6204A4 /DEBUGWND=$47006F0 
2019-10-08 14:50:33.554   CMD /SL5="$602B0,40006066,721408,C:\Users\Jacob Copeland\Documents\GitHub\installer-capstone\Output\Enabler4Setup.exe" /SPAWNWND=$80540 /NOTIFYWND=$6204A4 /DEBUGWND=$47006F0 
2019-10-08 14:50:33.598   IE Location C:\Program Files\Internet Explorer;
2019-10-08 14:50:33.620   IE VERSION: 9.11.18362.0
2019-10-08 14:50:33.659   Installing from C:\Users\Jacob Copeland\Documents\GitHub\installer-capstone\Output drive.
2019-10-08 14:50:34.143   Windows product type: 1
2019-10-08 14:50:34.210   Location of OSQL.EXE is  (Initial Checks)
2019-10-08 14:50:34.241   SQL2014 folder found, this will be installed.
2019-10-08 14:50:34.253   SQL server folders parsed, SQL server to install=SQL2014, Architecture=64, Windows version=10.00.18362, OS ver=10
2019-10-08 14:50:34.274   SQLEXPRESSNAME = SQL2014
2019-10-08 14:50:34.389   Checking disk space
2019-10-08 14:50:34.684   B
2019-10-08 14:50:37.688   Message box (Yes/No):
                          The folder:
                          
                          C:\Enabler
                          
                          already exists. Would you like to install to that folder anyway?
2019-10-08 14:50:38.274   User chose Yes.
2019-10-08 14:50:50.513   Backup checkbox not checked or there is no existing database, will not backup.
2019-10-08 14:50:50.798   Calling RestartManager's RmGetList.
2019-10-08 14:50:54.285   RmGetList finished successfully.
2019-10-08 14:50:54.287   RestartManager found an application using one of our files: Psrvr
2019-10-08 14:50:54.289   Can use RestartManager to avoid reboot? Yes (0)
2019-10-08 14:51:09.449   Server was chosen
2019-10-08 14:51:09.611   C: drive is not compressed
2019-10-08 14:51:09.664   SQL2008R2 requires MSI 4.5 and .NET 3.5 SP1 - MSI will be installed and will require a reboot.
2019-10-08 14:51:09.679   Installing MSI 4.5
2019-10-08 14:51:09.713   MSI 4.5 already installed
2019-10-08 14:51:09.787   Found .NET v3.5 runtime
2019-10-08 14:51:09.867   Check Net 4 install slqexpressname = SQL2014, net 4 installed = 1
2019-10-08 14:51:09.884   .NET 4 Framework already installed
2019-10-08 14:51:10.043   INFO: Could not uninstall existing enabler API - ERRORLEVEL = 1605
2019-10-08 14:51:10.090   Starting the installation process.
2019-10-08 14:51:10.148   Shutting down applications using our files.
2019-10-08 14:51:15.774   Directory for uninstall files: C:\Enabler
2019-10-08 14:51:15.796   Will append to existing uninstall log: C:\Enabler\unins000.dat
2019-10-08 14:51:15.815   -- File entry --
2019-10-08 14:51:15.819   Dest filename: C:\Enabler\unins000.exe
2019-10-08 14:51:15.823   Time stamp of our file: 2019-10-08 14:50:32.747
2019-10-08 14:51:15.826   Dest file exists.
2019-10-08 14:51:15.829   Time stamp of existing file: 2019-10-07 16:35:08.094
2019-10-08 14:51:15.832   Version of our file: 51.1052.0.0
2019-10-08 14:51:15.947   Version of existing file: 51.1052.0.0
2019-10-08 14:51:15.950   Installing the file.
2019-10-08 14:51:15.959   Leaving temporary file in place for now.
2019-10-08 14:51:15.962   -- File entry --
2019-10-08 14:51:15.971   Dest filename: C:\Enabler\comdlg32.ocx
2019-10-08 14:51:15.974   Time stamp of our file: 2019-08-13 12:18:18.000
2019-10-08 14:51:15.976   Dest file exists.
2019-10-08 14:51:15.982   Time stamp of existing file: 2019-08-13 12:18:18.000
2019-10-08 14:51:15.984   Version of our file: 6.0.84.18
2019-10-08 14:51:15.990   Version of existing file: 6.0.84.18
2019-10-08 14:51:15.992   Same version. Skipping.
2019-10-08 14:51:15.994   Will register the file (a DLL/OCX) later.
2019-10-08 14:51:15.997   -- File entry --
2019-10-08 14:51:16.006   Dest filename: C:\Enabler\comct232.ocx
2019-10-08 14:51:16.010   Time stamp of our file: 2019-08-13 12:18:18.000
2019-10-08 14:51:16.013   Dest file exists.
2019-10-08 14:51:16.016   Time stamp of existing file: 2019-08-13 12:18:18.000
2019-10-08 14:51:16.018   Version of our file: 6.0.80.22
2019-10-08 14:51:16.039   Version of existing file: 6.0.80.22
2019-10-08 14:51:16.041   Same version. Skipping.
2019-10-08 14:51:16.045   Will register the file (a DLL/OCX) later.
2019-10-08 14:51:16.048   -- File entry --
2019-10-08 14:51:16.056   Dest filename: C:\Enabler\comctl32.ocx
2019-10-08 14:51:16.058   Time stamp of our file: 2019-08-13 12:18:18.000
2019-10-08 14:51:16.061   Dest file exists.
2019-10-08 14:51:16.064   Time stamp of existing file: 2019-08-13 12:18:18.000
2019-10-08 14:51:16.065   Version of our file: 6.0.81.5
2019-10-08 14:51:16.082   Version of existing file: 6.0.81.5
2019-10-08 14:51:16.084   Same version. Skipping.
2019-10-08 14:51:16.086   Will register the file (a DLL/OCX) later.
2019-10-08 14:51:16.090   -- File entry --
2019-10-08 14:51:16.102   Dest filename: C:\Enabler\Mscomm32.ocx
2019-10-08 14:51:16.104   Time stamp of our file: 2019-08-13 12:18:18.000
2019-10-08 14:51:16.106   Dest file exists.
2019-10-08 14:51:16.108   Time stamp of existing file: 2019-08-13 12:18:18.000
2019-10-08 14:51:16.109   Version of our file: 6.0.81.69
2019-10-08 14:51:16.140   Version of existing file: 6.0.81.69
2019-10-08 14:51:16.143   Same version. Skipping.
2019-10-08 14:51:16.146   Will register the file (a DLL/OCX) later.
2019-10-08 14:51:16.149   -- File entry --
2019-10-08 14:51:16.158   Dest filename: C:\Enabler\Msflxgrd.ocx
2019-10-08 14:51:16.161   Time stamp of our file: 2019-08-13 12:18:18.000
2019-10-08 14:51:16.164   Dest file exists.
2019-10-08 14:51:16.167   Time stamp of existing file: 2019-08-13 12:18:18.000
2019-10-08 14:51:16.169   Version of our file: 6.0.84.18
2019-10-08 14:51:16.174   Version of existing file: 6.0.84.18
2019-10-08 14:51:16.177   Same version. Skipping.
2019-10-08 14:51:16.179   Will register the file (a DLL/OCX) later.
2019-10-08 14:51:16.182   -- File entry --
2019-10-08 14:51:16.189   Dest filename: C:\Enabler\Msrdc20.ocx
2019-10-08 14:51:16.192   Time stamp of our file: 2019-08-13 12:18:18.000
2019-10-08 14:51:16.195   Dest file exists.
2019-10-08 14:51:16.197   Time stamp of existing file: 2019-08-13 12:18:18.000
2019-10-08 14:51:16.199   Version of our file: 6.0.84.18
2019-10-08 14:51:16.217   Version of existing file: 6.0.84.18
2019-10-08 14:51:16.219   Same version. Skipping.
2019-10-08 14:51:16.221   Will register the file (a DLL/OCX) later.
2019-10-08 14:51:16.225   -- File entry --
2019-10-08 14:51:16.235   Dest filename: C:\Enabler\Msrdo20.dll
2019-10-08 14:51:16.237   Time stamp of our file: 2019-08-13 12:18:18.000
2019-10-08 14:51:16.239   Dest file exists.
2019-10-08 14:51:16.241   Time stamp of existing file: 2019-08-13 12:18:18.000
2019-10-08 14:51:16.243   Version of our file: 6.0.88.62
2019-10-08 14:51:16.246   Version of existing file: 6.0.88.62
2019-10-08 14:51:16.249   Same version. Skipping.
2019-10-08 14:51:16.251   Will register the file (a DLL/OCX) later.
2019-10-08 14:51:16.254   -- File entry --
2019-10-08 14:51:16.262   Dest filename: C:\Enabler\Msvcp60.dll
2019-10-08 14:51:16.264   Time stamp of our file: 2019-08-13 12:18:18.000
2019-10-08 14:51:16.266   Dest file exists.
2019-10-08 14:51:16.268   Time stamp of existing file: 2019-08-13 12:18:18.000
2019-10-08 14:51:16.270   Version of our file: 6.0.8972.0
2019-10-08 14:51:16.273   Version of existing file: 6.0.8972.0
2019-10-08 14:51:16.275   Same version. Skipping.
2019-10-08 14:51:16.282   -- File entry --
2019-10-08 14:51:16.289   Dest filename: C:\Enabler\scutil.exe
2019-10-08 14:51:16.292   Time stamp of our file: 2019-08-13 12:18:20.000
2019-10-08 14:51:16.298   Dest file exists.
2019-10-08 14:51:16.300   Time stamp of existing file: 2019-08-13 12:18:20.000
2019-10-08 14:51:16.303   Version of our file: 1.1.1.0
2019-10-08 14:51:16.306   Version of existing file: 1.1.1.0
2019-10-08 14:51:16.307   Same version. Skipping.
2019-10-08 14:51:16.309   -- File entry --
2019-10-08 14:51:16.320   Dest filename: C:\Enabler\EnbSecurityController.exe
2019-10-08 14:51:16.323   Time stamp of our file: 2019-08-13 12:18:18.000
2019-10-08 14:51:16.325   Dest file exists.
2019-10-08 14:51:16.327   Time stamp of existing file: 2019-08-13 12:18:18.000
2019-10-08 14:51:16.329   Version of our file: 1.1.4.0
2019-10-08 14:51:16.332   Version of existing file: 1.1.4.0
2019-10-08 14:51:16.335   Same version. Skipping.
2019-10-08 14:51:16.337   -- File entry --
2019-10-08 14:51:16.345   Dest filename: C:\Enabler\SecurityModule.dll
2019-10-08 14:51:16.348   Time stamp of our file: 2019-08-13 12:18:18.000
2019-10-08 14:51:16.350   Dest file exists.
2019-10-08 14:51:16.353   Time stamp of existing file: 2019-08-13 12:18:18.000
2019-10-08 14:51:16.354   Version of our file: 1.0.7.0
2019-10-08 14:51:16.357   Version of existing file: 1.0.7.0
2019-10-08 14:51:16.359   Same version. Skipping.
2019-10-08 14:51:16.365   Will register the file (a DLL/OCX) later.
2019-10-08 14:51:16.368   -- File entry --
2019-10-08 14:51:16.376   Dest filename: C:\Enabler\itl.ico
2019-10-08 14:51:16.382   Time stamp of our file: 2019-08-13 12:18:20.000
2019-10-08 14:51:16.384   Dest file exists.
2019-10-08 14:51:16.386   Time stamp of existing file: 2019-08-13 12:18:20.000
2019-10-08 14:51:16.388   Version of our file: (none)
2019-10-08 14:51:16.394   Version of existing file: (none)
2019-10-08 14:51:16.399   Installing the file.
2019-10-08 14:51:16.403   Successfully installed the file.
2019-10-08 14:51:16.406   -- File entry --
2019-10-08 14:51:16.415   Dest filename: C:\Enabler\ConvertV4BetaLicense.exe
2019-10-08 14:51:16.418   Time stamp of our file: 2019-08-13 12:18:18.000
2019-10-08 14:51:16.420   Dest file exists.
2019-10-08 14:51:16.422   Time stamp of existing file: 2019-08-13 12:18:18.000
2019-10-08 14:51:16.424   Version of our file: 1.0.1.0
2019-10-08 14:51:16.429   Version of existing file: 1.0.1.0
2019-10-08 14:51:16.431   Same version. Skipping.
2019-10-08 14:51:16.434   -- File entry --
2019-10-08 14:51:16.443   Dest filename: C:\Enabler\EnbSessionX2.ocx
2019-10-08 14:51:16.446   Time stamp of our file: 2019-08-13 12:18:18.000
2019-10-08 14:51:16.449   Dest file exists.
2019-10-08 14:51:16.451   Time stamp of existing file: 2019-08-13 12:18:18.000
2019-10-08 14:51:16.453   Version of our file: 4.9.0.0
2019-10-08 14:51:16.666   Version of existing file: 4.9.0.0
2019-10-08 14:51:16.668   Same version. Skipping.
2019-10-08 14:51:16.670   Will register the file (a DLL/OCX) later.
2019-10-08 14:51:16.674   -- File entry --
2019-10-08 14:51:16.684   Dest filename: C:\Enabler\EnablerSoundEvents.reg
2019-10-08 14:51:16.687   Time stamp of our file: 2019-08-13 12:18:18.000
2019-10-08 14:51:16.690   Dest file exists.
2019-10-08 14:51:16.693   Time stamp of existing file: 2019-08-13 12:18:18.000
2019-10-08 14:51:16.696   Version of our file: (none)
2019-10-08 14:51:16.708   Version of existing file: (none)
2019-10-08 14:51:16.710   Installing the file.
2019-10-08 14:51:16.715   Successfully installed the file.
2019-10-08 14:51:16.718   -- File entry --
2019-10-08 14:51:16.729   Dest filename: C:\Enabler\EnbAttendantX2.ocx
2019-10-08 14:51:16.732   Time stamp of our file: 2019-08-13 12:18:18.000
2019-10-08 14:51:16.734   Dest file exists.
2019-10-08 14:51:16.738   Time stamp of existing file: 2019-08-13 12:18:18.000
2019-10-08 14:51:16.740   Version of our file: 4.2.0.0
2019-10-08 14:51:16.835   Version of existing file: 4.2.0.0
2019-10-08 14:51:16.839   Same version. Skipping.
2019-10-08 14:51:16.842   Will register the file (a DLL/OCX) later.
2019-10-08 14:51:16.845   -- File entry --
2019-10-08 14:51:16.853   Dest filename: C:\Enabler\EnbPumpX2.ocx
2019-10-08 14:51:16.855   Time stamp of our file: 2019-08-13 12:18:18.000
2019-10-08 14:51:16.858   Dest file exists.
2019-10-08 14:51:16.865   Time stamp of existing file: 2019-08-13 12:18:18.000
2019-10-08 14:51:16.867   Version of our file: 3.41.0.0
2019-10-08 14:51:17.073   Version of existing file: 3.41.0.0
2019-10-08 14:51:17.077   Same version. Skipping.
2019-10-08 14:51:17.079   Will register the file (a DLL/OCX) later.
2019-10-08 14:51:17.082   -- File entry --
2019-10-08 14:51:17.090   Dest filename: C:\Enabler\joda-time-LICENSE.txt
2019-10-08 14:51:17.092   Time stamp of our file: 2019-08-13 12:18:18.000
2019-10-08 14:51:17.099   Dest file exists.
2019-10-08 14:51:17.101   Time stamp of existing file: 2019-08-13 12:18:18.000
2019-10-08 14:51:17.104   Version of our file: (none)
2019-10-08 14:51:17.112   Version of existing file: (none)
2019-10-08 14:51:17.116   Installing the file.
2019-10-08 14:51:17.120   Successfully installed the file.
2019-10-08 14:51:17.125   -- File entry --
2019-10-08 14:51:17.136   Dest filename: C:\Enabler\joda-time-NOTICE.txt
2019-10-08 14:51:17.139   Time stamp of our file: 2019-08-13 12:18:18.000
2019-10-08 14:51:17.142   Dest file exists.
2019-10-08 14:51:17.145   Time stamp of existing file: 2019-08-13 12:18:18.000
2019-10-08 14:51:17.148   Version of our file: (none)
2019-10-08 14:51:17.155   Version of existing file: (none)
2019-10-08 14:51:17.157   Installing the file.
2019-10-08 14:51:17.162   Successfully installed the file.
2019-10-08 14:51:17.165   -- File entry --
2019-10-08 14:51:17.171   Dest filename: C:\Enabler\enabler-api-1.0.jar
2019-10-08 14:51:17.174   Time stamp of our file: 2019-08-13 12:18:18.000
2019-10-08 14:51:17.176   Dest file exists.
2019-10-08 14:51:17.179   Time stamp of existing file: 2019-08-13 12:18:18.000
2019-10-08 14:51:17.181   Version of our file: (none)
2019-10-08 14:51:17.273   Version of existing file: (none)
2019-10-08 14:51:17.276   Installing the file.
2019-10-08 14:51:17.300   Successfully installed the file.
2019-10-08 14:51:17.304   -- File entry --
2019-10-08 14:51:17.311   Dest filename: C:\Enabler\joda-time-2.0.jar
2019-10-08 14:51:17.313   Time stamp of our file: 2019-08-13 12:18:18.000
2019-10-08 14:51:17.316   Dest file exists.
2019-10-08 14:51:17.318   Time stamp of existing file: 2019-08-13 12:18:18.000
2019-10-08 14:51:17.320   Version of our file: (none)
2019-10-08 14:51:17.991   Version of existing file: (none)
2019-10-08 14:51:17.995   Installing the file.
2019-10-08 14:51:18.052   Successfully installed the file.
2019-10-08 14:51:18.055   -- File entry --
2019-10-08 14:51:18.064   Dest filename: C:\Enabler\InstallEnablerApi.msi
2019-10-08 14:51:18.067   Time stamp of our file: 2019-08-13 12:18:18.000
2019-10-08 14:51:18.071   Dest file exists.
2019-10-08 14:51:18.073   Time stamp of existing file: 2019-08-13 12:18:18.000
2019-10-08 14:51:18.075   Version of our file: (none)
2019-10-08 14:51:18.085   Version of existing file: (none)
2019-10-08 14:51:18.088   Installing the file.
2019-10-08 14:51:18.145   Successfully installed the file.
2019-10-08 14:51:18.149   -- File entry --
2019-10-08 14:51:18.158   Dest filename: C:\Enabler\ITL.Enabler.WPFControls.dll
2019-10-08 14:51:18.162   Time stamp of our file: 2019-08-13 12:18:18.000
2019-10-08 14:51:18.165   Dest file exists.
2019-10-08 14:51:18.167   Time stamp of existing file: 2019-08-13 12:18:18.000
2019-10-08 14:51:18.169   Version of our file: 1.2.0.0
2019-10-08 14:51:18.173   Version of existing file: 1.2.0.0
2019-10-08 14:51:18.176   Same version. Skipping.
2019-10-08 14:51:18.183   -- File entry --
2019-10-08 14:51:18.192   Dest filename: C:\Enabler\System.Windows.Controls.DataVisualization.Toolkit.dll
2019-10-08 14:51:18.195   Time stamp of our file: 2019-08-13 12:18:18.000
2019-10-08 14:51:18.198   Dest file exists.
2019-10-08 14:51:18.200   Time stamp of existing file: 2019-08-13 12:18:18.000
2019-10-08 14:51:18.203   Version of our file: 3.5.0.0
2019-10-08 14:51:18.207   Version of existing file: 3.5.0.0
2019-10-08 14:51:18.209   Same version. Skipping.
2019-10-08 14:51:18.216   -- File entry --
2019-10-08 14:51:18.223   Dest filename: C:\Enabler\WPFToolkit.dll
2019-10-08 14:51:18.228   Time stamp of our file: 2019-08-13 12:18:18.000
2019-10-08 14:51:18.232   Dest file exists.
2019-10-08 14:51:18.234   Time stamp of existing file: 2019-08-13 12:18:18.000
2019-10-08 14:51:18.236   Version of our file: 3.5.50211.1
2019-10-08 14:51:18.240   Version of existing file: 3.5.50211.1
2019-10-08 14:51:18.242   Same version. Skipping.
2019-10-08 14:51:18.244   -- File entry --
2019-10-08 14:51:18.254   Dest filename: C:\Users\JACOBC~1\AppData\Local\Temp\is-N6CMO.tmp\IsAdmin.exe
2019-10-08 14:51:18.257   Time stamp of our file: 2019-08-13 12:18:18.000
2019-10-08 14:51:18.260   Installing the file.
2019-10-08 14:51:18.272   Successfully installed the file.
2019-10-08 14:51:18.274   -- File entry --
2019-10-08 14:51:18.282   Dest filename: C:\Enabler\AutoSupport.exe
2019-10-08 14:51:18.286   Time stamp of our file: 2019-08-13 12:18:18.000
2019-10-08 14:51:18.288   Dest file exists.
2019-10-08 14:51:18.290   Time stamp of existing file: 2019-03-11 07:00:44.000
2019-10-08 14:51:18.292   Version of our file: 2.9.1.0
2019-10-08 14:51:18.295   Version of existing file: 2.9.1.0
2019-10-08 14:51:18.297   Same version. Skipping.
2019-10-08 14:51:18.299   -- File entry --
2019-10-08 14:51:18.308   Dest filename: C:\Users\JACOBC~1\AppData\Local\Temp\is-N6CMO.tmp\release.txt
2019-10-08 14:51:18.310   Time stamp of our file: 2019-08-13 12:18:20.000
2019-10-08 14:51:18.313   Installing the file.
2019-10-08 14:51:18.317   Successfully installed the file.
2019-10-08 14:51:18.321   -- File entry --
2019-10-08 14:51:18.329   Dest filename: C:\Enabler\bin\setx64.exe
2019-10-08 14:51:18.333   Time stamp of our file: 2019-08-13 12:18:20.000
2019-10-08 14:51:18.335   Dest file exists.
2019-10-08 14:51:18.337   Time stamp of existing file: 2019-08-13 12:18:20.000
2019-10-08 14:51:18.338   Version of our file: 6.0.6000.16386
2019-10-08 14:51:18.342   Version of existing file: 6.0.6000.16386
2019-10-08 14:51:18.345   Same version. Skipping.
2019-10-08 14:51:18.348   -- File entry --
2019-10-08 14:51:18.355   Dest filename: C:\Enabler\Release Notes.htm
2019-10-08 14:51:18.357   Time stamp of our file: 2019-08-13 12:18:18.000
2019-10-08 14:51:18.359   Dest file exists.
2019-10-08 14:51:18.365   Time stamp of existing file: 2019-08-13 12:18:18.000
2019-10-08 14:51:18.367   Version of our file: (none)
2019-10-08 14:51:18.385   Version of existing file: (none)
2019-10-08 14:51:18.387   Installing the file.
2019-10-08 14:51:18.396   Successfully installed the file.
2019-10-08 14:51:18.398   -- File entry --
2019-10-08 14:51:18.407   Dest filename: C:\Enabler\PumpUpdate.htm
2019-10-08 14:51:18.410   Time stamp of our file: 2019-08-13 12:18:20.000
2019-10-08 14:51:18.412   Dest file exists.
2019-10-08 14:51:18.414   Time stamp of existing file: 2019-08-13 12:18:20.000
2019-10-08 14:51:18.416   Version of our file: (none)
2019-10-08 14:51:18.432   Version of existing file: (none)
2019-10-08 14:51:18.434   Installing the file.
2019-10-08 14:51:18.445   Successfully installed the file.
2019-10-08 14:51:18.448   -- File entry --
2019-10-08 14:51:18.454   Dest filename: C:\Enabler\atutil.exe
2019-10-08 14:51:18.457   Time stamp of our file: 2019-08-13 12:18:20.000
2019-10-08 14:51:18.459   Dest file exists.
2019-10-08 14:51:18.461   Time stamp of existing file: 2019-08-13 12:18:20.000
2019-10-08 14:51:18.463   Version of our file: 1.6.0.0
2019-10-08 14:51:18.466   Version of existing file: 1.6.0.0
2019-10-08 14:51:18.468   Same version. Skipping.
2019-10-08 14:51:18.471   -- File entry --
2019-10-08 14:51:18.479   Dest filename: C:\Enabler\odbcnfg.exe
2019-10-08 14:51:18.482   Time stamp of our file: 2019-08-13 12:18:20.000
2019-10-08 14:51:18.484   Dest file exists.
2019-10-08 14:51:18.487   Time stamp of existing file: 2019-08-13 12:18:20.000
2019-10-08 14:51:18.490   Version of our file: 1.0.4.0
2019-10-08 14:51:18.494   Version of existing file: 1.0.4.0
2019-10-08 14:51:18.499   Same version. Skipping.
2019-10-08 14:51:18.501   -- File entry --
2019-10-08 14:51:18.507   Dest filename: C:\Enabler\odbcnfg64.exe
2019-10-08 14:51:18.510   Time stamp of our file: 2019-08-13 12:18:20.000
2019-10-08 14:51:18.512   Dest file exists.
2019-10-08 14:51:18.515   Time stamp of existing file: 2019-08-13 12:18:20.000
2019-10-08 14:51:18.516   Version of our file: 1.0.4.0
2019-10-08 14:51:18.520   Version of existing file: 1.0.4.0
2019-10-08 14:51:18.522   Same version. Skipping.
2019-10-08 14:51:18.524   -- File entry --
2019-10-08 14:51:18.531   Dest filename: C:\Enabler\EnbKick.exe
2019-10-08 14:51:18.533   Time stamp of our file: 2019-08-13 12:18:18.000
2019-10-08 14:51:18.535   Dest file exists.
2019-10-08 14:51:18.538   Time stamp of existing file: 2019-08-13 12:18:18.000
2019-10-08 14:51:18.539   Version of our file: 2.2.0.0
2019-10-08 14:51:18.542   Version of existing file: 2.2.0.0
2019-10-08 14:51:18.549   Same version. Skipping.
2019-10-08 14:51:18.552   -- File entry --
2019-10-08 14:51:18.561   Dest filename: C:\Enabler\bin\DriveCompressed.exe
2019-10-08 14:51:18.564   Time stamp of our file: 2019-08-13 12:18:20.000
2019-10-08 14:51:18.566   Dest file exists.
2019-10-08 14:51:18.568   Time stamp of existing file: 2019-08-13 12:18:20.000
2019-10-08 14:51:18.570   Version of our file: (none)
2019-10-08 14:51:18.574   Version of existing file: (none)
2019-10-08 14:51:18.576   Installing the file.
2019-10-08 14:51:18.591   Successfully installed the file.
2019-10-08 14:51:18.593   -- File entry --
2019-10-08 14:51:18.603   Dest filename: C:\Enabler\enbclient.exe
2019-10-08 14:51:18.605   Time stamp of our file: 2019-08-13 12:18:20.000
2019-10-08 14:51:18.607   Dest file exists.
2019-10-08 14:51:18.610   Time stamp of existing file: 2019-08-13 12:18:20.000
2019-10-08 14:51:18.611   Version of our file: 1.2.0.0
2019-10-08 14:51:18.615   Version of existing file: 1.2.0.0
2019-10-08 14:51:18.617   Same version. Skipping.
2019-10-08 14:51:18.619   -- File entry --
2019-10-08 14:51:18.628   Dest filename: C:\Enabler\Interop.IWshRuntimeLibrary.dll
2019-10-08 14:51:18.630   Time stamp of our file: 2019-08-13 12:18:20.000
2019-10-08 14:51:18.632   Dest file exists.
2019-10-08 14:51:18.634   Time stamp of existing file: 2019-08-13 12:18:20.000
2019-10-08 14:51:18.636   Version of our file: 1.0.0.0
2019-10-08 14:51:18.639   Version of existing file: 1.0.0.0
2019-10-08 14:51:18.641   Same version. Skipping.
2019-10-08 14:51:18.643   -- File entry --
2019-10-08 14:51:18.653   Dest filename: C:\Enabler\MsiQueryProduct.exe
2019-10-08 14:51:18.656   Time stamp of our file: 2019-08-13 12:18:18.000
2019-10-08 14:51:18.657   Dest file exists.
2019-10-08 14:51:18.659   Time stamp of existing file: 2019-08-13 12:18:18.000
2019-10-08 14:51:18.665   Version of our file: (none)
2019-10-08 14:51:18.668   Version of existing file: (none)
2019-10-08 14:51:18.670   Installing the file.
2019-10-08 14:51:18.680   Successfully installed the file.
2019-10-08 14:51:18.682   -- File entry --
2019-10-08 14:51:18.689   Dest filename: C:\Enabler\vcredist_x86.exe
2019-10-08 14:51:18.691   Time stamp of our file: 2019-08-13 12:18:18.000
2019-10-08 14:51:18.693   Dest file exists.
2019-10-08 14:51:18.696   Time stamp of existing file: 2019-08-13 12:18:18.000
2019-10-08 14:51:18.697   Version of our file: 9.0.30729.17
2019-10-08 14:51:18.700   Version of existing file: 9.0.30729.17
2019-10-08 14:51:18.702   Same version. Skipping.
2019-10-08 14:51:18.704   -- File entry --
2019-10-08 14:51:18.714   Dest filename: C:\Enabler\bin\subinacl.exe
2019-10-08 14:51:18.717   Time stamp of our file: 2019-08-13 12:18:20.000
2019-10-08 14:51:18.718   Dest file exists.
2019-10-08 14:51:18.720   Time stamp of existing file: 2019-08-13 12:18:20.000
2019-10-08 14:51:18.722   Version of our file: 5.2.3790.1180
2019-10-08 14:51:18.727   Version of existing file: 5.2.3790.1180
2019-10-08 14:51:18.729   Same version. Skipping.
2019-10-08 14:51:18.732   -- File entry --
2019-10-08 14:51:18.741   Dest filename: C:\Enabler\InstallSim.sql
2019-10-08 14:51:18.743   Time stamp of our file: 2019-08-13 12:18:20.000
2019-10-08 14:51:18.745   Dest file exists.
2019-10-08 14:51:18.747   Time stamp of existing file: 2019-08-13 12:18:20.000
2019-10-08 14:51:18.749   Version of our file: (none)
2019-10-08 14:51:18.756   Version of existing file: (none)
2019-10-08 14:51:18.758   Installing the file.
2019-10-08 14:51:18.763   Successfully installed the file.
2019-10-08 14:51:18.765   -- File entry --
2019-10-08 14:51:18.772   Dest filename: C:\Enabler\Instances.bat
2019-10-08 14:51:18.774   Time stamp of our file: 2019-08-13 12:18:20.000
2019-10-08 14:51:18.776   Dest file exists.
2019-10-08 14:51:18.779   Time stamp of existing file: 2018-07-27 15:40:44.000
2019-10-08 14:51:18.780   Version of our file: (none)
2019-10-08 14:51:18.791   Version of existing file: (none)
2019-10-08 14:51:18.793   Installing the file.
2019-10-08 14:51:18.798   Successfully installed the file.
2019-10-08 14:51:18.801   -- File entry --
2019-10-08 14:51:18.809   Dest filename: C:\Enabler\DbInstall.bat
2019-10-08 14:51:18.812   Time stamp of our file: 2019-08-13 12:18:20.000
2019-10-08 14:51:18.814   Dest file exists.
2019-10-08 14:51:18.816   Time stamp of existing file: 2019-08-13 12:18:20.000
2019-10-08 14:51:18.817   Version of our file: (none)
2019-10-08 14:51:18.834   Version of existing file: (none)
2019-10-08 14:51:18.837   Installing the file.
2019-10-08 14:51:18.842   Successfully installed the file.
2019-10-08 14:51:18.845   -- File entry --
2019-10-08 14:51:18.853   Dest filename: C:\Enabler\DbUpgrade.bat
2019-10-08 14:51:18.856   Time stamp of our file: 2019-08-13 12:18:20.000
2019-10-08 14:51:18.859   Dest file exists.
2019-10-08 14:51:18.862   Time stamp of existing file: 2019-08-13 12:18:20.000
2019-10-08 14:51:18.865   Version of our file: (none)
2019-10-08 14:51:18.878   Version of existing file: (none)
2019-10-08 14:51:18.881   Installing the file.
2019-10-08 14:51:18.887   Successfully installed the file.
2019-10-08 14:51:18.890   -- File entry --
2019-10-08 14:51:18.901   Dest filename: C:\Enabler\AfterRestore.sql
2019-10-08 14:51:18.904   Time stamp of our file: 2019-08-13 12:18:20.000
2019-10-08 14:51:18.908   Dest file exists.
2019-10-08 14:51:18.910   Time stamp of existing file: 2019-08-13 12:18:20.000
2019-10-08 14:51:18.916   Version of our file: (none)
2019-10-08 14:51:18.927   Version of existing file: (none)
2019-10-08 14:51:18.931   Installing the file.
2019-10-08 14:51:18.937   Successfully installed the file.
2019-10-08 14:51:18.941   -- File entry --
2019-10-08 14:51:18.951   Dest filename: C:\Enabler\attach.sql
2019-10-08 14:51:18.954   Time stamp of our file: 2019-08-13 12:18:20.000
2019-10-08 14:51:18.958   Dest file exists.
2019-10-08 14:51:18.960   Time stamp of existing file: 2019-08-13 12:18:20.000
2019-10-08 14:51:18.962   Version of our file: (none)
2019-10-08 14:51:18.971   Version of existing file: (none)
2019-10-08 14:51:18.973   Installing the file.
2019-10-08 14:51:18.979   Successfully installed the file.
2019-10-08 14:51:18.983   -- File entry --
2019-10-08 14:51:18.992   Dest filename: C:\Enabler\checkdb.sql
2019-10-08 14:51:18.996   Time stamp of our file: 2019-08-13 12:18:20.000
2019-10-08 14:51:18.999   Dest file exists.
2019-10-08 14:51:19.002   Time stamp of existing file: 2019-08-13 12:18:20.000
2019-10-08 14:51:19.004   Version of our file: (none)
2019-10-08 14:51:19.015   Version of existing file: (none)
2019-10-08 14:51:19.017   Installing the file.
2019-10-08 14:51:19.022   Successfully installed the file.
2019-10-08 14:51:19.025   -- File entry --
2019-10-08 14:51:19.037   Dest filename: C:\Enabler\config70.sql
2019-10-08 14:51:19.041   Time stamp of our file: 2019-08-13 12:18:20.000
2019-10-08 14:51:19.047   Dest file exists.
2019-10-08 14:51:19.051   Time stamp of existing file: 2019-08-13 12:18:20.000
2019-10-08 14:51:19.054   Version of our file: (none)
2019-10-08 14:51:19.062   Version of existing file: (none)
2019-10-08 14:51:19.064   Installing the file.
2019-10-08 14:51:19.069   Successfully installed the file.
2019-10-08 14:51:19.072   -- File entry --
2019-10-08 14:51:19.082   Dest filename: C:\Enabler\DefaultData.sql
2019-10-08 14:51:19.086   Time stamp of our file: 2019-08-13 12:18:20.000
2019-10-08 14:51:19.089   Dest file exists.
2019-10-08 14:51:19.092   Time stamp of existing file: 2019-08-13 12:18:20.000
2019-10-08 14:51:19.095   Version of our file: (none)
2019-10-08 14:51:19.108   Version of existing file: (none)
2019-10-08 14:51:19.113   Installing the file.
2019-10-08 14:51:19.120   Successfully installed the file.
2019-10-08 14:51:19.124   -- File entry --
2019-10-08 14:51:19.138   Dest filename: C:\Enabler\enabler.sql
2019-10-08 14:51:19.142   Time stamp of our file: 2019-08-13 12:18:20.000
2019-10-08 14:51:19.149   Dest file exists.
2019-10-08 14:51:19.153   Time stamp of existing file: 2019-08-13 12:18:20.000
2019-10-08 14:51:19.157   Version of our file: (none)
2019-10-08 14:51:19.175   Version of existing file: (none)
2019-10-08 14:51:19.179   Installing the file.
2019-10-08 14:51:19.194   Successfully installed the file.
2019-10-08 14:51:19.198   -- File entry --
2019-10-08 14:51:19.207   Dest filename: C:\Enabler\eic.sql
2019-10-08 14:51:19.210   Time stamp of our file: 2019-08-13 12:18:20.000
2019-10-08 14:51:19.213   Dest file exists.
2019-10-08 14:51:19.216   Time stamp of existing file: 2019-08-13 12:18:20.000
2019-10-08 14:51:19.218   Version of our file: (none)
2019-10-08 14:51:19.227   Version of existing file: (none)
2019-10-08 14:51:19.229   Installing the file.
2019-10-08 14:51:19.236   Successfully installed the file.
2019-10-08 14:51:19.240   -- File entry --
2019-10-08 14:51:19.252   Dest filename: C:\Enabler\Load.sql
2019-10-08 14:51:19.255   Time stamp of our file: 2019-08-13 12:18:20.000
2019-10-08 14:51:19.257   Dest file exists.
2019-10-08 14:51:19.259   Time stamp of existing file: 2019-08-13 12:18:20.000
2019-10-08 14:51:19.264   Version of our file: (none)
2019-10-08 14:51:19.280   Version of existing file: (none)
2019-10-08 14:51:19.282   Installing the file.
2019-10-08 14:51:19.294   Successfully installed the file.
2019-10-08 14:51:19.299   -- File entry --
2019-10-08 14:51:19.307   Dest filename: C:\Enabler\mkUpgrade.sql
2019-10-08 14:51:19.311   Time stamp of our file: 2019-08-13 12:18:20.000
2019-10-08 14:51:19.314   Dest file exists.
2019-10-08 14:51:19.316   Time stamp of existing file: 2019-08-13 12:18:20.000
2019-10-08 14:51:19.318   Version of our file: (none)
2019-10-08 14:51:19.327   Version of existing file: (none)
2019-10-08 14:51:19.333   Installing the file.
2019-10-08 14:51:19.338   Successfully installed the file.
2019-10-08 14:51:19.341   -- File entry --
2019-10-08 14:51:19.350   Dest filename: C:\Enabler\populate.sql
2019-10-08 14:51:19.353   Time stamp of our file: 2019-08-13 12:18:20.000
2019-10-08 14:51:19.356   Dest file exists.
2019-10-08 14:51:19.358   Time stamp of existing file: 2019-08-13 12:18:20.000
2019-10-08 14:51:19.360   Version of our file: (none)
2019-10-08 14:51:19.370   Version of existing file: (none)
2019-10-08 14:51:19.372   Installing the file.
2019-10-08 14:51:19.378   Successfully installed the file.
2019-10-08 14:51:19.381   -- File entry --
2019-10-08 14:51:19.389   Dest filename: C:\Enabler\LOADEnbConfigX.sql
2019-10-08 14:51:19.392   Time stamp of our file: 2019-08-13 12:18:20.000
2019-10-08 14:51:19.394   Dest file exists.
2019-10-08 14:51:19.398   Time stamp of existing file: 2019-08-13 12:18:20.000
2019-10-08 14:51:19.400   Version of our file: (none)
2019-10-08 14:51:19.410   Version of existing file: (none)
2019-10-08 14:51:19.412   Installing the file.
2019-10-08 14:51:19.418   Successfully installed the file.
2019-10-08 14:51:19.422   -- File entry --
2019-10-08 14:51:19.430   Dest filename: C:\Enabler\dbfix.sql
2019-10-08 14:51:19.433   Time stamp of our file: 2019-08-13 12:18:20.000
2019-10-08 14:51:19.435   Dest file exists.
2019-10-08 14:51:19.438   Time stamp of existing file: 2019-08-13 12:18:20.000
2019-10-08 14:51:19.439   Version of our file: (none)
2019-10-08 14:51:19.447   Version of existing file: (none)
2019-10-08 14:51:19.449   Installing the file.
2019-10-08 14:51:19.454   Successfully installed the file.
2019-10-08 14:51:19.456   -- File entry --
2019-10-08 14:51:19.464   Dest filename: C:\Enabler\drop.sql
2019-10-08 14:51:19.467   Time stamp of our file: 2019-08-13 12:18:20.000
2019-10-08 14:51:19.470   Dest file exists.
2019-10-08 14:51:19.472   Time stamp of existing file: 2019-08-13 12:18:20.000
2019-10-08 14:51:19.474   Version of our file: (none)
2019-10-08 14:51:19.482   Version of existing file: (none)
2019-10-08 14:51:19.485   Installing the file.
2019-10-08 14:51:19.490   Successfully installed the file.
2019-10-08 14:51:19.493   -- File entry --
2019-10-08 14:51:19.507   Dest filename: C:\Enabler\nightly.bat
2019-10-08 14:51:19.512   Time stamp of our file: 2019-08-13 12:18:20.000
2019-10-08 14:51:19.516   Dest file exists.
2019-10-08 14:51:19.520   Time stamp of existing file: 2019-08-13 12:18:20.000
2019-10-08 14:51:19.523   Version of our file: (none)
2019-10-08 14:51:19.528   Version of existing file: (none)
2019-10-08 14:51:19.532   Installing the file.
2019-10-08 14:51:19.540   Successfully installed the file.
2019-10-08 14:51:19.544   -- File entry --
2019-10-08 14:51:19.556   Dest filename: C:\Enabler\nightly.sql
2019-10-08 14:51:19.561   Time stamp of our file: 2019-08-13 12:18:20.000
2019-10-08 14:51:19.565   Dest file exists.
2019-10-08 14:51:19.568   Time stamp of existing file: 2019-08-13 12:18:20.000
2019-10-08 14:51:19.571   Version of our file: (none)
2019-10-08 14:51:19.581   Version of existing file: (none)
2019-10-08 14:51:19.585   Installing the file.
2019-10-08 14:51:19.592   Successfully installed the file.
2019-10-08 14:51:19.598   -- File entry --
2019-10-08 14:51:19.611   Dest filename: C:\Enabler\EnablerRestore.bat
2019-10-08 14:51:19.618   Time stamp of our file: 2019-08-13 12:18:20.000
2019-10-08 14:51:19.622   Dest file exists.
2019-10-08 14:51:19.626   Time stamp of existing file: 2019-08-13 12:18:20.000
2019-10-08 14:51:19.629   Version of our file: (none)
2019-10-08 14:51:19.656   Version of existing file: (none)
2019-10-08 14:51:19.660   Installing the file.
2019-10-08 14:51:19.668   Successfully installed the file.
2019-10-08 14:51:19.673   -- File entry --
2019-10-08 14:51:19.685   Dest filename: C:\Enabler\sql70.bat
2019-10-08 14:51:19.688   Time stamp of our file: 2019-08-13 12:18:20.000
2019-10-08 14:51:19.691   Dest file exists.
2019-10-08 14:51:19.694   Time stamp of existing file: 2019-08-13 12:18:20.000
2019-10-08 14:51:19.699   Version of our file: (none)
2019-10-08 14:51:19.718   Version of existing file: (none)
2019-10-08 14:51:19.721   Installing the file.
2019-10-08 14:51:19.727   Successfully installed the file.
2019-10-08 14:51:19.731   -- File entry --
2019-10-08 14:51:19.742   Dest filename: C:\Enabler\ExpressUpdate.exe
2019-10-08 14:51:19.745   Time stamp of our file: 2019-08-13 12:18:20.000
2019-10-08 14:51:19.748   Dest file exists.
2019-10-08 14:51:19.750   Time stamp of existing file: 2019-08-13 12:18:20.000
2019-10-08 14:51:19.753   Version of our file: 1.2.5.0
2019-10-08 14:51:19.757   Version of existing file: 1.2.5.0
2019-10-08 14:51:19.759   Same version. Skipping.
2019-10-08 14:51:19.764   -- File entry --
2019-10-08 14:51:19.774   Dest filename: C:\Enabler\ExpressUpdatex64.exe
2019-10-08 14:51:19.778   Time stamp of our file: 2019-08-13 12:18:20.000
2019-10-08 14:51:19.781   Dest file exists.
2019-10-08 14:51:19.784   Time stamp of existing file: 2019-08-13 12:18:20.000
2019-10-08 14:51:19.786   Version of our file: 1.2.5.0
2019-10-08 14:51:19.790   Version of existing file: 1.2.5.0
2019-10-08 14:51:19.798   Same version. Skipping.
2019-10-08 14:51:19.803   -- File entry --
2019-10-08 14:51:19.813   Dest filename: C:\Enabler\PCIUpdate.exe
2019-10-08 14:51:19.816   Time stamp of our file: 2019-08-13 12:18:20.000
2019-10-08 14:51:19.818   Dest file exists.
2019-10-08 14:51:19.821   Time stamp of existing file: 2019-08-13 12:18:20.000
2019-10-08 14:51:19.823   Version of our file: 2.7.0.0
2019-10-08 14:51:19.826   Version of existing file: 2.7.0.0
2019-10-08 14:51:19.828   Same version. Skipping.
2019-10-08 14:51:19.832   -- File entry --
2019-10-08 14:51:19.840   Dest filename: C:\Enabler\bin\psrvr4.exe
2019-10-08 14:51:19.843   Time stamp of our file: 2019-08-13 12:18:20.000
2019-10-08 14:51:19.846   Dest file exists.
2019-10-08 14:51:19.848   Time stamp of existing file: 2019-08-13 12:18:20.000
2019-10-08 14:51:19.850   Version of our file: 4.5.1.0
2019-10-08 14:51:19.852   Version of existing file: 4.5.1.0
2019-10-08 14:51:19.854   Same version. Skipping.
2019-10-08 14:51:19.857   -- File entry --
2019-10-08 14:51:19.869   Dest filename: C:\Enabler\onmains.bat
2019-10-08 14:51:19.873   Time stamp of our file: 2019-08-13 12:18:20.000
2019-10-08 14:51:19.875   Dest file exists.
2019-10-08 14:51:19.881   Time stamp of existing file: 2019-08-13 12:18:20.000
2019-10-08 14:51:19.883   Version of our file: (none)
2019-10-08 14:51:19.894   Version of existing file: (none)
2019-10-08 14:51:19.897   Installing the file.
2019-10-08 14:51:19.902   Successfully installed the file.
2019-10-08 14:51:19.905   -- File entry --
2019-10-08 14:51:19.916   Dest filename: C:\Enabler\onbatt.bat
2019-10-08 14:51:19.919   Time stamp of our file: 2019-08-13 12:18:20.000
2019-10-08 14:51:19.921   Dest file exists.
2019-10-08 14:51:19.924   Time stamp of existing file: 2019-08-13 12:18:20.000
2019-10-08 14:51:19.926   Version of our file: (none)
2019-10-08 14:51:19.938   Version of existing file: (none)
2019-10-08 14:51:19.940   Installing the file.
2019-10-08 14:51:19.946   Successfully installed the file.
2019-10-08 14:51:19.949   -- File entry --
2019-10-08 14:51:19.958   Dest filename: C:\Enabler\Commslst.bat
2019-10-08 14:51:19.962   Time stamp of our file: 2019-08-13 12:18:20.000
2019-10-08 14:51:19.965   Dest file exists.
2019-10-08 14:51:19.968   Time stamp of existing file: 2019-08-13 12:18:20.000
2019-10-08 14:51:19.971   Version of our file: (none)
2019-10-08 14:51:19.985   Version of existing file: (none)
2019-10-08 14:51:19.988   Installing the file.
2019-10-08 14:51:19.994   Successfully installed the file.
2019-10-08 14:51:19.997   -- File entry --
2019-10-08 14:51:20.006   Dest filename: C:\Enabler\commsest.bat
